A =

   1   0   1   1
   0   1   1  -1

spark_A =  3
